
0
1
00
01
10
11
000
001
010
011
100
110
111
0000
0001
0010
0011
0100
0110
0111
1000
1100
1110
1111
00000
00001
00010
00011
00100
00110
00111
01000
01100
01110
01111
10000
11000
11100
11110
11111
000000
000001
000010
000011
000100
000110
000111
001000
001100
001110
001111
010000
011000
011100
011110
011111
100000
110000
111000
111100
111110
111111
0000000
0000001
0000010
0000011
0000100
0000110
0000111
0001000
0001100
0001110
0001111
0010000
0011000
0011100
0011110
0011111
0100000
0110000
0111000
0111100
0111110
0111111
1000000
1100000
1110000
1111000
1111100
1111110
1111111
00000000
00000001
00000010
00000011
00000100
00000110
00000111
00001000
00001100
00001110
00001111
00010000
00011000
00011100
00011110
00011111
00100000
00110000
00111000
00111100
00111110
00111111
01000000
01100000
01110000
01111000
01111100
01111110
01111111
10000000
11000000
11100000
11110000
11111000
11111100
11111110
11111111